"","edge","span","mid","micro","amb","ratio","den","num","quad","upper","lower"
"1",0,27,NA,0.70489674,0.295103265,0.704896736475516,0.320329275863707,0.252597656189418,0.338807896576303,1,0.366088839899214
"2",27,27,13.5,0.70489674,0.295103265,0.704896736475516,0.320329275863707,0.252597656189418,0.338807896576303,1,0.366088839899214
"3",54,27,40.5,0.271464559,0.728535441,0.271464559,0.284658724328389,0.235583071445214,0.24793299764647,0.51939755664647,0.0235315613535301
"4",70,16,62,0.12021028,0.87978972,0.12021028,0.0562143850236588,0.0437525035009821,0.0442712774106458,0.164481557410646,0.0759390025893542
"5",87,17,78.5,0.150022601,0.849977399,0.150022601,0.0530062593586929,0.0322471101464179,0.0332131388767166,0.183235739876717,0.116809462123283
"6",92,5,89.5,0.188413292,0.811586708,0.188413292,0.0365936251960445,0.0231569676106098,0.024161589085035,0.212574881085035,0.164251702914965
"7",108,16,100,0.225875519,0.774124481,0.225875519,0.0745823749897189,0.0548591265038136,0.0573874784671794,0.283262997467179,0.168488040532821
"8",128,20,118,0.314682244,0.685317757,0.314682243685318,0.0622077158055481,0.0439920591340334,0.0481508864609797,0.362833130146297,0.266531357224338
"9",136,8,132,0.298291796,0.701708204,0.298291796,0.0727151689534622,0.0604527025069754,0.0642261630323304,0.36251795903233,0.23406563296767
"10",142,6,139,0.259349256,0.740650744,0.259349256,0.0690979716460876,0.0370759053441043,0.0411796958158674,0.300528951815867,0.218169560184133
"11",157,15,149.5,0.254799585,0.745200416,0.2547995847452,0.251896051478601,0.0322262702888024,0.0718191560186459,0.326618740763846,0.182980428726555
"12",174,17,165.5,0.202319957,0.797680044,0.20231995679768,0.0966322922732546,0.0435309060457363,0.0477196746411872,0.250039631438867,0.154600282156493
"13",185,11,179.5,0.272514868,0.727485131,0.272514868272515,0.305740724075322,0.0752369784561025,0.112261484524474,0.384776352796989,0.160253383748041
"14",196,11,190.5,0.340041536,0.659958463,0.340041536340042,0.103961301645074,0.0761159343295208,0.0839246092513567,0.423966145591398,0.256116927088685
"15",204,8,200,0.515828141,0.484171859,0.515828141,0.290777059690528,0.213638509245425,0.261033924533706,0.776862065533706,0.254794216466294
"16",228,24,216,0.749192627,0.250807373,0.749192627,0.202488274158029,0.177712715781473,0.233656853588252,0.982849480588252,0.515535773411748
"17",251,23,239.5,0.461140909,0.53885909,0.461140909461141,0.248159504469831,0.167587613498355,0.202931812974617,0.664072722435758,0.258209096486524
"18",261,10,256,0.428401869,0.571598131,0.428401869,0.200853305131515,0.164413147426422,0.185568276766836,0.613970145766836,0.242833592233164
"19",272,11,266.5,0.641606721,0.358393278,0.641606721641607,0.0975748789466508,0.0783251816391433,0.100270545700457,0.741877267342064,0.54133617594115
"20",276,4,274,0.539299066,0.460700934,0.539299066,0.120940189292673,0.084518849006919,0.106758918045773,0.646057984045773,0.432540147954227
"21",280,4,278,0.360498443,0.639501558,0.360498442639502,0.141959777861171,0.102271904579074,0.114361505567281,0.474859948206782,0.246136937072221
"22",283,3,281.5,0.234157148,0.765842852,0.234157148,0.0616086518269417,0.0429279635138584,0.0452871128650744,0.279444260865074,0.188870035134926
"23",284,1,283.5,0.199522326,0.800477674,0.199522326,0.0357536440036336,0.0252434955874279,0.026232099322328,0.225754425322328,0.173290226677672
"24",286,2,285,0.189667705,0.810332295,0.189667705,0.0348781041418826,0.0227469711204811,0.0236893694995544,0.213357074499554,0.165978335500446
"25",290,4,288,0.194395119,0.80560488,0.194395119194395,0.0403916054603606,0.0285536812687056,0.02961360389275,0.224008723087145,0.164781515301645
"26",292,2,291,0.275856698,0.724143302,0.275856698,0.0789012170844884,0.0457912901723,0.0507008497411493,0.326557547741149,0.225155848258851
"27",293,1,292.5,0.375981309,0.624018692,0.375981308624019,0.0354688865750663,0.0266143785131389,0.0297685134518888,0.405749822075907,0.34621279517213
"28",294,1,293.5,0.457113188,0.542886812,0.457113188,0.0378641440704769,0.0286726707989721,0.0334917277007345,0.490604915700735,0.423621460299266
"29",295,1,294.5,0.519989616,0.480010384,0.519989616,0.0408627659435677,0.0307074062896573,0.0373420861498787,0.557331702149879,0.482647529850121
"30",296,1,295.5,0.581547248,0.418452752,0.581547248,0.0388514310665478,0.0285272567970519,0.0363908042286852,0.617938052228685,0.545156443771315
"31",300,4,298,0.623712358,0.376287642,0.623712358,0.119365398442048,0.104287482024329,0.128135213288258,0.751847571288258,0.495577144711742
"32",305,5,302.5,0.700832815,0.299167185,0.700832815,0.304675587728055,0.292515398782385,0.362158651289145,1,0.338674163710855
"33",306,1,305.5,0.803561786,0.196438214,0.803561786,0.0321690748945699,0.0252608430745735,0.0361431097644641,0.839704895764464,0.767418676235536
"34",308,2,307,0.817824507,0.182175493,0.817824507,0.0542204522469629,0.0490005969432488,0.0660858813207836,0.883910388320784,0.751738625679216
"35",309,1,308.5,0.840726895,0.159273105,0.840726895,0.028885298424132,0.0221018995315427,0.0328365353716748,0.873563430371675,0.807890359628325
"36",319,10,314,0.901275182,0.098724818,0.901275182,0.0912262173893777,0.0836846667097841,0.11731683434734,1,0.78395834765266
"37",330,11,324.5,0.823763806,0.176236194,0.823763806,0.217240055711888,0.176356588252939,0.251249592118853,1,0.572514213881147
"38",332,2,331,0.568084112,0.431915888,0.568084112,0.121388073976429,0.0989853835256886,0.120637472039108,0.688721584039108,0.447446639960892
"39",336,4,334,0.343543614,0.656456386,0.343543614,0.225858721161707,0.191542032197163,0.206661361715848,0.550204975715848,0.136882252284152
"40",338,2,337,0.222897196,0.777102804,0.222897196,0.0529677536203979,0.0417690951762485,0.0434056164232871,0.266302812423287,0.179491579576713
"41",340,2,339,0.226121496,0.773878504,0.226121496,0.0570445971503737,0.0461390250325108,0.0479081838604589,0.274029679860459,0.178213312139541
"42",344,4,342,0.305630841,0.694369159,0.305630841,0.1819018242837,0.0565356912332915,0.07929102728625,0.38492186828625,0.22633981371375
"43",350,6,347,0.310700935,0.689299066,0.310700934689299,0.173276342807698,0.0706729911869818,0.0888431614544873,0.399544096143786,0.221857773234812
"44",351,1,350.5,0.192949117,0.807050883,0.192949117,0.0350273192397597,0.0213232270877727,0.0223686656914929,0.215317782691493,0.170580451308507
"45",354,3,352.5,0.325129802,0.674870197,0.32512980232513,0.502515540964521,0.340210742418959,0.377408640404827,0.702538442729957,0
"46",356,2,355,0.432326064,0.567673936,0.432326064,0.352941960121236,0.284909545729104,0.323196440604027,0.755522504604027,0.109129623395973
"47",358,2,357,0.330347872,0.669652129,0.330347871669652,0.0940040450071007,0.0645659303387287,0.0716457431696313,0.401993614839283,0.258702128500021
"48",362,4,360,0.541788681,0.458211319,0.541788681,0.157282492327526,0.105839618167256,0.135880201304436,0.677668882304436,0.405908479695564
"49",366,4,364,0.250173899,0.749826064,0.250173908256435,0.112982630703149,0.0719885080017798,0.0773386919109487,0.327512600167383,0.172835216345486
"50",368,2,367,0.29358257,0.706417446,0.293582565302679,0.0468727294275145,0.0322984228945972,0.0351077434117306,0.32869030871441,0.258474821890948
"51",369,1,368.5,0.304548286,0.695451713,0.304548286304548,0.0386318664425022,0.028217767043872,0.0305722738262623,0.335120560130811,0.273976012478286
"52",370,1,369.5,0.290602284,0.709397715,0.290602284290602,0.0347471190738122,0.0259116742758289,0.0278096428071891,0.318411927097791,0.262792641483413
"53",372,2,371,0.279153686,0.720846313,0.279153686279154,0.0407852844570183,0.0336452068416388,0.0355193809805943,0.314673067259748,0.243634305298559
"54",374,2,373,0.269055036,0.730944963,0.269055036269055,0.0563766695857119,0.0332183191873412,0.0365176382905093,0.305572674559564,0.232537397978546
"55",376,2,375,0.247471444,0.752528557,0.247471443752529,0.0813000266905266,0.0339609965305458,0.0394732940889836,0.286944737841512,0.207998149663545
"56",377,1,376.5,0.246562825,0.753437176,0.246562824753437,0.0372332669450696,0.0243918109163677,0.026062215394259,0.272625040147696,0.220500609359178
"57",378,1,377.5,0.276593977,0.723406023,0.276593977,0.0420724663170068,0.0275348013218419,0.0298928894265205,0.306486866426521,0.246701087573479
"58",380,2,379,0.356433021,0.643566978,0.356433021356433,0.15846191438731,0.0998228249618791,0.11469396856783,0.471126989924263,0.241739052788603
"59",382,2,381,0.394781931,0.605218068,0.394781931394782,0.0757888703341547,0.0415304098057246,0.0511857981098727,0.445967729504655,0.343596133284909
"60",383,1,382.5,0.357601247,0.642398754,0.357601246642399,0.0409916385373137,0.0298110181952814,0.0332200714508812,0.39082131809328,0.324381175191517
"61",384,1,383.5,0.369408099,0.6305919,0.369408099369408,0.0365974922931089,0.0256972206484265,0.029036556258834,0.398444655628242,0.340371543110574
"62",385,1,384.5,0.421692627,0.578307373,0.421692627,0.0403157401195909,0.0278430576854704,0.0326230711959474,0.454315698195947,0.389069555804053
"63",386,1,385.5,0.483136033,0.516863967,0.483136033,0.040945260856051,0.028327641249918,0.0345512367612859,0.517687269761286,0.448584796238714
"64",388,2,387,0.58219107,0.41780893,0.58219107,0.127889647389318,0.0796764359197152,0.109050730149074,0.691241800149074,0.473140339850926
"65",390,2,389,0.741339563,0.258660436,0.74133956374134,0.155747971947704,0.134810573459303,0.177497591729187,0.918837155470527,0.563841972012152
"66",392,2,391,0.87005192,0.129948079,0.870051920870052,0.0405416075887554,0.0239033640923788,0.0426095853352461,0.912661506205298,0.827442335534806
"67",393,1,392.5,0.854049844,0.145950156,0.854049844,0.033264912174116,0.0247143635700626,0.0376553022820805,0.891705146282081,0.81639454171792
"68",394,1,393.5,0.92132918,0.07867082,0.92132918,0.0244639029173577,0.0184198101647315,0.029108586263223,0.950437766263223,0.892220593736777
"69",398,4,396,0.980064861,0.019935099,0.980064900202596,0.0298700194960874,0.0204598801671069,0.0357156341908497,1,0.944349266011746
"70",405,7,401.5,0.955414627,0.044585383,0.955414617445854,0.0222316405878398,0.0155186203750096,0.0263055814889252,0.981720198934779,0.929109035956929
"71",412,7,408.5,0.830645305,0.169354695,0.830645305,0.230739883978742,0.179541250911819,0.262620956603859,1,0.568024348396141
"72",416,4,414,0.663128245,0.336871755,0.663128245,0.139906012407537,0.126139163069965,0.156583542233871,0.819711787233871,0.506544702766129
"73",418,2,417,0.567897196,0.432102804,0.567897196,0.0688902241038063,0.057920720279627,0.0698955287392759,0.637792724739276,0.498001667260724
"74",426,8,422,0.386695224,0.613304777,0.386695223613305,0.273107069690821,0.19677433001048,0.223323621334499,0.610018844947803,0.163371602278806
"75",434,8,430,0.252851765,0.747148235,0.252851765,0.0759091337094802,0.0729221245898428,0.0754058128904879,0.328257577890488,0.177445952109512
"76",438,4,436,0.273660436,0.726339564,0.273660436,0.0590755659666706,0.0388640409492982,0.0420924469943428,0.315752882994343,0.231567989005657
"77",442,4,440,0.343587747,0.656412253,0.343587747,0.0497510904977388,0.0296198261884221,0.0341984550428138,0.377786202042814,0.309389291957186
"78",444,2,443,0.351095535,0.648904466,0.351095534648904,0.0401355616338523,0.0326467714384788,0.0355581172303337,0.386653651879238,0.315537417418571
"79",448,4,446,0.327980271,0.67201973,0.32798027067202,0.0638657368866463,0.057327592063658,0.0610345567301849,0.389014827402205,0.266945713941835
"80",452,4,450,0.316391486,0.683608515,0.316391485683608,0.0781674192516762,0.0341153102709594,0.0421367034290088,0.358528189112617,0.2742547822546
"81",456,4,454,0.28416407,0.715835929,0.284164070284164,0.135523522731976,0.0492508148659233,0.0625198641354529,0.346683934419617,0.221644206148711
"82",458,2,457,0.259844236,0.740155763,0.259844236259844,0.0528421057386183,0.0347503102803077,0.0373646443304291,0.297208880590273,0.222479591929415
"83",461,3,459.5,0.310681897,0.689318103,0.310681897,0.0730065677229653,0.0530015917846939,0.0576509639360572,0.368332860936057,0.253030933063943
"84",466,5,463.5,0.510020769,0.489979232,0.510020768489979,0.187080935826138,0.13914217548417,0.168714546518515,0.678735315008494,0.341306221971464
"85",480,14,473,0.808289571,0.191710428,0.80828957180829,0.111758815902184,0.0843352741751064,0.123582268528012,0.931871840336302,0.684707303280277
"86",492,12,486,0.684553479,0.315446521,0.684553479,0.170957458574416,0.129693967111283,0.174689537080074,0.859243016080074,0.509863941919926
"87",498,6,495,0.569539632,0.430460367,0.56953963256954,0.088750100560163,0.0469830047909216,0.0690099383827078,0.638549570952247,0.500529694186832
"88",500,2,499,0.541407061,0.458592939,0.541407061,0.0485152917783668,0.0363557262504342,0.0448516330222211,0.586258694022221,0.496555427977779
"89",502,2,501,0.520758048,0.479241952,0.520758048,0.0577052709868799,0.0489910276820373,0.0574730580247026,0.578231106024703,0.463284989975297
"90",504,2,503,0.510503635,0.489496366,0.510503634489496,0.064036754144226,0.0565628637207473,0.0653303814903536,0.57583401597985,0.445173252999143
"91",506,2,505,0.529693665,0.470306334,0.529693665529694,0.0631406871647405,0.0555016929795923,0.0647998519174614,0.594493517447155,0.464893813612232
"92",508,2,507,0.572300104,0.427699896,0.572300104,0.0639002088377807,0.0529940132527549,0.0643874007398932,0.636687504739893,0.507912703260107
"93",510,2,509,0.639771548,0.360228452,0.639771548,0.0623977562333247,0.0460242356302186,0.0609250469327316,0.700696594932732,0.578846501067268
"94",511,1,510.5,0.673894081,0.326105919,0.673894081,0.0389646628697022,0.0274446364311321,0.037982806067005,0.711876887067005,0.635911274932995
"95",518,7,514.5,0.672811155,0.327188845,0.672811155,0.0538526414243355,0.0297002166668656,0.046849849165764,0.719661004165764,0.625961305834236
"96",532,14,525,0.55522326,0.444776739,0.555223260555223,0.179336946510195,0.139132703180486,0.171092083788,0.726315344343223,0.384131176767223
"97",548,16,540,0.364454829,0.635545171,0.364454829,0.0735576498289005,0.0654927478373891,0.0707671711425778,0.435222000142578,0.293687657857422
